1.000 0.243 0.232 0.239 0.221 0.303 0.175
0.243 1.000 0.294 0.256 0.295 0.170 0.343
0.232 0.294 1.000 0.340 0.275 0.339 0.341
0.239 0.256 0.340 1.000 0.230 0.427 0.427
0.221 0.295 0.275 0.230 1.000 0.159 0.300
0.303 0.170 0.339 0.427 0.159 1.000 0.155
0.175 0.343 0.341 0.427 0.300 0.155 1.000
